472.7
140.42
488.7
160.18
487.02
142.61
486.8
220.46
215.21
302.67
183.26
131.21
249.27
417.24
259.09
486.31
412.52
324.59
432.38
405.03
342.57
297.0
194.22
263.24
414.17
205.98
208.81
194.16
165.95
410.38
326.51
331.17
325.72
176.69
286.54
289.37
334.02
153.94
414.1
331.19
162.3
207.33
294.63
355.46
149.93
170.7
450.21
182.65
360.62
269.14
397.92
364.01
176.5
404.57
359.99
344.65
445.72
325.2
277.8
416.04
139.72
203.21
212.89
190.36
421.6
337.83
309.9
417.72
449.76
470.22
271.18
338.65
137.58
487.37
287.87
395.58
139.87
342.89
333.02
261.53
289.5
279.22
207.88
139.17
341.91
421.85
169.48
234.16
189.0
301.13
207.7
304.16
386.06
182.06
326.42
351.45
343.99
227.08
361.97
325.44
819.45
1550.06
823.41
1715.26
1232.74
606.03
1467.53
1467.61
764.97
1478.65
678.6
1526.98
1428.94
1572.0
1588.72
1492.81
765.1
673.91
1290.35
692.71
1703.44
1635.19
737.77
1113.09
734.49
1666.25
786.03
679.07
600.1
760.89
1498.26
942.89
971.18
773.05
1462.08
786.46
1165.76
1392.44
1495.67
902.65
634.93
1000.12
1160.84
751.55
982.69
1383.82
1642.63
1583.04
791.42
1488.78
785.82
1579.21
1068.9
1545.66
1400.87
852.23
1192.38
1252.29
781.5
659.27
1328.41
580.01
1113.81
892.12
1513.52
1378.84
781.09
726.21
1685.66
478.62
773.07
958.43
815.49
1310.7
1429.5
ERROR
1582.29
769.7
674.14
753.2
1560.48
1375.71
888.59
1697.59
1030.15
1116.13
811.35
791.92
1033.12
1544.45
1560.66
ERROR
958.01
566.42
537.8
1173.19
971.65
699.51
702.89
872.71
1881.35
1592.14
1556.02
1089.32
1540.3
2010.41
1182.36
1053.85
1186.97
1760.13
1577.04
1469.19
1571.02
1124.93
1759.79
1767.94
1631.14
1139.09
1877.11
1606.25
1025.5
1401.91
1925.3
1746.4
1691.48
596.35
1307.26
1865.0
974.54
1654.0
670.41
1582.94
1174.58
656.06
1106.02
1770.83
1133.37
1682.8
1755.85
1612.41
1172.88
1543.29
794.25
1590.29
1676.19
1847.73
1959.95
1808.44
1633.31
1774.39
1248.18
1217.19
1942.34
1595.24
1918.84
1158.46
1559.22
934.92
1673.06
1197.69
1577.86
929.42
1900.31
1273.5
1619.74
1726.01
1761.62
1247.37
1451.87
1915.08
1717.77
1812.56
1546.63
1162.31
996.79
913.34
1905.48
1486.73
1662.34
917.4
2060.9
1165.07
1538.48
1950.51
1616.96
1894.78
1804.02
1190.06
1673.93
1158.11
1986.08
1959.73
2119.99
1918.63
1161.97
1524.33
929.49
1855.61
1636.8
1698.21
1429.52
985.76
1332.8
785.24
1399.28
775.99
989.49
1470.64
1411.6
1551.33
1020.28
1366.19
1208.95
1167.3
1179.83
803.46
1019.0
658.15
1165.07
1075.22
1496.7
773.84
757.93
1473.35
1523.79
1103.17
1233.3
1562.26
1126.17
983.08
587.32
640.63
631.6
1842.4
1342.84
770.57
ERROR
513.31
954.02
1076.33
711.62
786.92
1319.83
1406.54
888.43
1080.72
1355.23
640.95
983.87
1104.46
1742.96
1048.81
639.21
1101.36
680.95
727.99
1377.38
1437.76
600.32
719.33
746.66
1159.98
1801.81
1429.92
616.24
1662.46
1458.18
921.44
771.11
1114.08
991.82
1117.49
1439.25
1403.36
1330.13
1026.08
1401.23
619.42
764.42
1230.41
777.04
970.75
1332.92
564.26
1190.09
727.56
1839.68
547.74
853.84
1372.91
657.97
962.28
727.82
1392.86
1782.24
1090.11
1467.29
798.77
1134.08
1617.7
883.72
549.53
849.28
1021.41
748.38
458.76
903.03
899.09
511.01
1059.48
540.91
1025.59
796.9
977.85
776.0
601.06
1109.17
530.77
1382.01
486.45
988.72
434.35
790.35
782.51
671.11
767.52
1078.75
731.51
450.65
1305.29
415.54
746.66
1082.51
916.69
523.51
1545.66
777.64
796.96
839.51
893.52
990.04
882.04
466.84
482.36
570.86
1077.53
491.19
654.5
1060.79
653.58
338.05
333.22
350.24
677.01
1161.4
705.72
866.28
758.38
416.16
850.5
826.28
771.71
789.58
776.53
1245.86
513.48
856.71
1152.6
1167.08
340.77
758.95
834.01
1180.92
1039.82
730.8
763.97
1138.34
1128.66
812.62
383.9
516.34
733.76
329.79
342.81
732.15
642.36
1210.6
897.61
773.6
1153.39
567.83
584.28
395.88
757.42
400.66
347.93
1138.75
797.21
758.86
765.15
1025.16
902.29
632.88
309.03
1030.52
233.48
767.87
587.03
903.3
575.23
788.01
783.85
634.38
474.43
323.84
739.13
754.46
1233.38
797.05
415.36
1039.01
740.53
1227.32
463.35
577.07
508.73
627.19
769.74
807.7
408.31
680.12
969.23
764.66
645.59
331.09
768.47
1098.24
326.89
1191.14
608.83
803.93
1012.8
789.94
355.88
437.85
417.43
1216.29
1184.0
385.48
760.82
1479.67
1206.11
1363.86
1396.47
1308.74
530.99
697.31
736.23
1144.97
1394.7
789.16
1455.24
883.69
643.25
1404.77
731.21
661.35
614.5
894.56
1327.94
622.99
621.82
803.93
1524.47
1246.94
722.11
1471.43
700.23
1321.49
610.61
641.2
1124.26
601.53
600.26
811.28
1484.65
1332.64
920.51
1136.81
1252.64
1519.71
863.16
1099.06
1535.24
800.85
579.88
1459.36
1235.33
860.32
1350.24
1486.18
709.37
1558.76
1401.19
597.25
1396.83
785.05
608.76
735.79
1484.66
826.76
1173.4
1233.41
1527.42
1373.6
782.75
1133.59
1397.63
1399.38
706.52
1527.62
521.57
1393.39
549.7
875.67
1426.62
1328.16
693.44
1489.77
1071.62
831.31
598.97
741.26
1479.48
866.54
622.7
1502.6
1433.31
808.45
1498.97
571.93
1145.51
644.19
947.66
951.95
1165.93
634.31
1284.16
1468.05
710.18
1848.87
1925.74
1969.78
1901.96
1798.2
1964.86
1955.03
1994.44
2091.41
1959.62
1967.08
1940.4
1797.02
1962.66
1865.11
1916.57
1815.42
1960.96
1928.05
1889.07
1880.41
1800.21
1914.9
1912.41
1964.79
1936.72
1861.88
2111.31
1747.96
1977.48
1848.31
1931.3
1944.35
1964.21
2060.82
1803.06
1842.75
1949.65
1901.87
1762.26
1869.47
2082.57
1966.95
1799.67
1831.77
1884.35
1840.54
1793.82
2185.44
2097.02
1795.23
1969.23
1885.29
1904.16
1980.98
1856.35
1988.94
2120.27
1844.17
2032.82
1827.54
1831.29
1783.7
1953.66
1953.64
1850.85
1931.38
1794.12
1943.55
1785.01
2153.64
1896.94
1832.96
1966.36
1834.48
2116.77
1808.74
1987.59
1920.74
1848.94
1888.55
1757.75
1944.84
1873.6
1249.87
1902.08
1930.53
1810.88
1859.04
2033.24
927.05
1950.83
2155.66
1848.83
1956.37
1828.17
1945.94
2111.81
930.93
1908.34
1282.78
1155.01
1008.68
1850.36
1471.98
769.64
1200.64
1313.71
697.54
1214.35
2149.42
1535.19
1849.81
1740.21
1537.79
1930.13
1679.29
1775.41
1802.58
1387.74
1402.72
2136.02
1764.89
1818.56
1552.46
1418.76
1560.94
842.58
1926.18
1474.94
1687.33
1549.75
1825.9
1122.75
1547.38
2088.48
641.99
1838.78
1671.07
470.17
1883.66
1965.02
1176.06
718.85
1326.16
1692.72
1885.22
708.49
1603.89
1450.76
1526.62
1426.29
1220.15
ERROR
1596.66
951.61
1612.46
1964.15
1284.58
1868.66
1262.67
1160.42
815.98
177.07
1355.01
1289.82
1169.27
1954.47
1305.87
869.83
1603.32
1385.26
1419.99
525.17
1491.14
1606.55
1486.13
1665.27
690.36
1612.51
1212.08
1095.54
1496.45
1806.53
609.09
1643.98
1492.25
1647.8
882.06
1779.77
2150.08
919.97
1355.05
1357.67
1526.81
1704.95
1789.74
1260.32
1127.5
1229.79
1591.33
1764.17
1603.24
1739.46
1877.86
1832.91
1789.93
1802.24
1316.65
1777.98
1338.5
1316.94
1204.2
1477.6
1439.08
1236.65
1573.37
1452.7
1471.46
1634.87
997.38
1718.72
1831.07
1159.96
1255.93
2144.79
1184.39
1692.42
1583.7
1869.38
502.34
1429.48
1357.24
1106.93
606.49
1484.98
1146.48
1168.8
1726.96
1224.3
698.98
1363.48
775.17
1825.03
1011.02
1903.99
1925.59
1096.22
888.83
1724.96
1652.81
1596.9
1972.86
2142.73
1470.29
724.05
1600.11
688.65
1322.39
1923.25
1846.17
721.81
671.43
1324.62
1625.22
986.51
807.96
1670.97
1487.62
2119.84
1756.9
1870.36
951.82
1781.44
1280.79
1434.85
1671.86
1939.09
1639.79
1692.61
922.78
1799.08
1904.86
1583.58
1608.15
1467.91
617.0
1102.9
783.71
1535.52
1944.93
1928.74
1360.9
1467.2
1147.62
1516.07
1721.31
1771.4
1307.12
1638.61
1515.89
1398.5
1870.49
1557.13
989.07
1631.06
1401.88
1504.17
1608.37
1944.27
1500.91
1702.25
1700.42
ERROR
1638.21
2186.1
1818.76
2079.51
1533.99
974.35
1165.69
2177.23
1966.24
1890.81
1334.6
1664.89
971.8
532.16
1435.55
1627.09
1216.37
996.76
1185.72
1941.75
1958.82
1619.43
1695.56
1934.94
1981.26
1779.98
1590.61
1618.93
1843.26
1488.39
1959.02
1544.85
1296.44
1843.61
1792.12
1855.4
709.57
675.7
1926.88
1610.44
1720.19
2069.81
1575.19
1893.77
1599.21
1964.68
1220.19
1793.16
789.51
1614.95
1678.62
723.41
1382.74
1520.36
957.66
1961.06
1665.27
738.96
1545.39
1793.56
861.09
1235.08
1645.47
1832.6
1760.57
1475.11
1153.83
1064.42
958.17
1447.73
1426.63
787.96
915.86
1098.27
1131.19
1737.61
1512.06
1072.43
1805.45
1235.71
1149.4
1546.62
604.63
1346.72
1216.22
1722.03
755.82
1350.8
958.87
1889.19
1444.05
1556.47
1757.83
1686.21
847.91
1854.02
1740.64
1157.97
1199.75
1647.18
1590.1
1337.08
1670.96
1720.13
1654.4
1644.72
1483.61
1731.11
867.54
1453.43
1334.4
1606.99
1178.64
1625.09
1794.63
979.7
1498.51
1255.23
1829.03
1630.29
1376.73
627.15
1249.87
1887.26
1627.22
975.84
1801.24
1480.67
1174.55
1754.53
1512.79
1442.45
572.83
ERROR
1851.6
1870.17
967.29
1012.8
1856.23
1162.24
1319.93
1735.39
1636.25
1505.25
854.58
1815.83
1585.51
1744.43
1794.88
1436.15
1554.66
1591.72
1861.7
788.96
1705.62
1690.16
1544.58
1457.27
1780.42
779.04
1640.81
1429.91
1878.28
1979.42
1584.51
1638.07
1489.83
1833.16
1655.31
965.73
910.86
1211.16
1212.69
1476.96
1777.75
2120.06
1516.39
1260.32
1233.05
1183.02
1526.84
1204.66
1938.85
1721.72
1782.02
1266.63
1641.56
1683.74
301.43
2163.52
1388.42
1625.54
1625.86
1808.91
1909.91
851.4
634.84
1023.2
714.13
1751.93
861.05
1946.35
491.65
1406.2
1700.56
1557.27
1592.8
1482.45
1197.37
1801.57
1165.96
1619.06
1699.13
1526.02
1953.24
1680.14
789.89
1615.31
618.73
1634.23
1387.06
1759.56
824.68
1497.04
1329.59
953.46
1685.97
861.89
1649.96
1679.9
1634.77
1950.51
1780.04
1512.18
1199.46
1139.3
1770.74
1220.66
1598.17
1472.76
772.09
1165.5
1426.83
1014.05
1796.41
1376.89
1965.57
491.63
1835.59
1486.9
1874.03
1681.56
460.9
771.72
1788.85
602.24
993.11
1534.3
1502.49
1715.26
1386.68
1801.62
1344.16
1714.13
764.2
1518.8
1303.7
1022.22
1531.49
1583.9
1658.12
455.43
1201.6
782.85
1439.77
1544.89
1128.85
999.79
908.29
1166.43
1134.11
1570.53
1929.54
1928.69
1968.47
1365.62
1933.14
1811.21
984.41
1222.26
753.76
1147.55
1517.42
1216.33
1737.79
1792.52
1515.3
719.33
1735.58
1216.41
1682.82
1755.68
1906.15
1175.64
1746.67
826.11
1586.79
1217.32
1116.57
1722.74
1383.54
1614.23
1821.27
914.68
1309.67
1605.54
660.86
1617.06
1350.52
893.06
1838.64
1491.26
2138.31
1146.27
588.6
1065.57
1499.49
1853.14
1752.74
1723.38
1417.65
1336.66
1657.77
1667.78
1422.47
1476.42
1887.85
1388.0
1605.35
1444.53
1668.09
1825.88
1822.9
1789.89
1280.74
1122.59
1092.14
1432.23
1548.25
893.98
1866.06
1586.35
792.67
1556.42
1953.01
1487.46
1143.18
1074.3
1497.16
1246.77
730.54
1383.46
926.97
1462.8
1237.57
1289.59
1623.66
947.27
1303.38
1210.85
1176.19
1488.98
1696.37
769.52
1700.04
1188.0
544.68
1412.7
1016.33
1482.77
1151.48
1636.8
1228.32
1510.58
1349.57
1730.38
1195.37
1589.25
1171.86
1610.84
1906.42
2132.68
1639.15
1298.2
601.71
1748.62
1495.66
1503.03
1391.87
1612.0
1952.98
1532.18
1467.04
1525.14
1083.18
2092.07
1768.87
1895.05
1159.93
1468.23
1659.42
1627.54
1466.64
775.83
1773.59
1220.33
1742.31
1403.49
871.21
1673.05
1816.43
1382.07
1907.28
1519.43
1603.71
830.37
1483.23
2155.74
1581.85
1733.12
1897.17
1684.55
1497.48
1833.74
1515.85
1531.43
1518.04
1551.82
1643.13
2132.49
928.06
771.54
1789.62
1477.93
1237.49
491.52
1369.97
829.18
921.22
1818.38
1017.3
1509.42
1732.97
1747.46
1376.8
1945.3
1452.53
1172.54
1536.57
1853.46
1503.05
1656.83
686.37
1362.83
948.06
1540.88
1522.86
1207.14
1486.7
1671.2
1630.45
1256.65
1662.84
1512.24
1626.38
1786.93
1287.46
1970.12
1513.18
1822.83
1027.76
2016.44
1586.74
1940.92
1346.89
1105.87
1905.44
1740.76
1492.49
987.7
1468.16
1809.2
1578.76
1597.2
1418.89
484.07
1642.68
1141.57
1267.94
1268.96
2170.72
1278.97
1420.57
1673.38
961.48
628.7
1406.66
1474.36
1421.19
1548.35
964.88
1079.95
1509.75
1524.57
1465.26
1459.36
1891.58
1463.98
ERROR
1003.18
1520.39
1737.21
1608.06
1432.62
1501.62
720.78
1440.92
1041.78
870.11
1287.58
1616.5
1607.99
1853.1
1251.61
1700.7
902.89
1602.11
1830.75
1159.15
1900.05
1228.63
1891.9
701.09
599.1
1524.85
1136.7
1805.75
1282.94
1825.48
1640.33
1487.61
1725.51
1168.48
888.49
1800.46
1719.61
588.61
1194.26
787.89
1109.09
893.61
1467.29
1576.62
1514.47
1913.9
655.54
810.79
587.29
1361.0
1097.97
1574.54
952.84
2188.67
1602.84
353.1
1523.75
1260.38
644.65
1193.78
1464.67
887.05
1822.93
1799.41
1682.56
870.94
426.4
1442.88
995.71
1470.83
1546.68
1136.97
1653.5
429.81
580.22
1681.32
1720.24
713.25
1150.01
1173.2
1484.7
1490.47
1417.73
1789.71
495.98
1301.08
814.56
1529.83
1638.6
1781.5
1660.89
1475.17
1925.4
1454.11
1909.92
1212.72
1600.48
822.39
1479.48
1288.59
732.96
1576.86
1650.29
1633.17
1728.5
1478.57
1654.04
1491.72
1176.03
1374.95
1213.76
847.67
1745.01
1622.67
1513.67
1431.05
2128.2
1817.57
1798.75
472.28
1161.67
1217.15
2030.89
1556.43
1101.26
1508.03
1018.67
1930.35
1696.27
2151.74
1632.65
1477.21
895.52
2059.0
1721.58
516.18
1349.32
911.06
1365.42
1583.88
1497.21
1504.96
1706.69
1460.92
1915.71
1450.74
1149.31
587.3
1703.21
788.61
1495.66
1506.9
990.73
570.0
882.71
1378.94
1192.61
1602.12
1136.92
1764.2
1677.74
688.83
1570.4
1467.64
1475.37
1262.6
1332.29
1743.22
1516.75
1914.31
2160.23
1929.03
1539.98
1363.19
1000.54
1489.23
1449.16
1715.72
1745.01
581.37
1795.63
1932.14
1856.54
1720.21
1298.59
1381.47
1162.84
1292.13
1728.43
748.47
440.79
1010.74
576.31
1308.03
1071.12
933.05
644.66
958.49
1599.62
1437.07
628.83
1267.89
1786.41
916.27
1747.64
1831.64
1511.7
1673.14
470.08
1488.47
1512.26
965.29
1262.63
1405.59
1167.32
1951.98
568.74
1544.97
742.99
2058.75
1253.19
1914.74
1220.4
1426.81
1266.49
1649.69
749.62
1185.89
498.72
1443.16
1744.41
1874.49
581.58
1747.12
639.47
971.71
987.29
1197.02
1709.0
1423.38
1544.65
1577.13
887.44
679.39
1179.84
1917.33
1760.63
1166.84
1974.02
1875.73
1638.13
991.99
1551.26
1453.88
775.28
1635.17
1131.27
1645.13
1334.74
1509.66
1627.04
1509.97
1450.51
1652.8
1662.02
1614.88
1481.02
1208.12
1579.86
1784.27
1134.4
1673.74
1237.34
933.13
1671.62
1668.31
1899.16
847.05
1206.99
1323.12
1127.27
1776.06
1224.79
1961.24
554.98
1357.83
1525.91
1275.08
1496.89
1758.03
1863.97
1561.44
1264.3
1257.67
1715.07
2099.91
494.16
1976.94
745.51
1158.98
1738.6
1125.47
1479.88
572.7
1847.05
1507.19
1955.28
1923.41
1400.15
1658.37
1531.8
1952.33
1664.47
1467.56
904.3
831.13
1623.52
858.32
1694.97
1415.29
1370.0
2232.84
1600.67
1636.93
1624.36
1139.31
1741.67
1712.54
1919.41
606.41
1145.55
1087.89
ERROR
ERROR
1720.8
1521.32
1839.68
1623.86
1488.35
1624.34
1731.73
1508.49
1912.3
965.31
1405.18
871.21
1711.94
674.32
1726.38
635.57
ERROR
817.53
1212.81
1258.97
1308.92
537.33
ERROR
1387.8
1661.18
1177.55
691.63
1096.84
1621.48
465.83
679.66
1626.88
1762.77
1300.91
1722.85
1679.1
1757.84
1637.13
1653.07
1655.02
1389.52
1773.38
ERROR
1202.17
745.94
1195.86
1113.13
1537.49
576.59
1537.68
1901.52
1733.7
1399.04
1441.26
920.53
1727.89
2134.89
1187.48
1176.0
1827.61
1199.66
ERROR
1464.19
1602.82
962.63
1147.4
1850.28
1826.77
1915.48
1452.68
1625.66
1742.18
1647.2
1951.72
1707.45
1571.17
1713.9
1372.31
1836.93
1433.58
1572.52
1311.51
1504.65
1532.84
1492.28
870.25
623.66
1703.94
1607.44
1192.03
1153.43
1141.92
1551.45
1230.6
603.34
730.71
1611.98
1722.77
1508.56
1481.51
1931.41
1873.96
2009.4
1205.64
1553.36
1041.57
1256.48
951.89
1723.74
651.17
1580.16
1143.87
1658.88
1220.59
1391.42
1619.08
1039.37
1514.49
1726.79
564.09
1413.3
1216.69
1470.41
1379.01
1580.52
752.21
1435.7
1600.52
280.0
742.26
1906.21
1620.77
925.57
1173.02
1812.76
708.52
748.43
1953.11
1698.85
1704.41
1933.89
1918.05
1261.81
1538.15
1240.53
ERROR
1697.15
1613.94
1649.62
2027.73
629.84
1739.03
1426.54
1551.68
1528.39
874.5
1243.92
1631.01
1469.13
783.69
1461.76
1876.39
1553.33
934.39
1541.66
1372.63
1597.33
1862.42
1918.79
637.05
201.53
842.13
1658.59
1734.21
1209.09
1609.09
1565.99
1805.76
1712.06
1774.02
642.59
1755.43
1865.6
1546.21
1712.43
1929.26
1372.29
1926.82
1422.48
1275.26
1440.22
988.31
1589.09
1531.96
1733.58
1220.81
1549.5
ERROR
1946.46
1462.9
1411.23
521.99
780.18
1783.58
1606.91
1737.29
1109.53
1783.22
1415.35
825.62
1903.18
1251.73
909.65
692.27
1313.66
1946.62
1971.05
1391.45
871.21
1204.48
1150.94
1050.91
1723.77
1234.76
1377.58
1348.45
1518.18
1473.26
1807.81
847.43
1182.65
1886.67
1679.77
495.21
1947.96
1490.85
2140.06
1783.68
844.8
1156.52
570.38
1682.15
1683.86
784.02
1134.66
1728.6
618.57
1132.66
779.67
1640.79
1534.95
2152.62
954.87
1259.95
1218.76
1566.9
1946.46
655.19
1910.94
1428.08
1466.01
707.84
1725.59
1504.17
1905.78
1759.73
692.7
1626.71
1130.43
1829.96
1437.04
1645.69
1695.78
791.85
1157.29
ERROR
933.91
1481.35
1494.21
1777.21
1479.31
1412.61
1423.91
1273.59
1397.04
1558.03
1967.94
1011.82
1825.16
1602.94
1685.0
1500.26
1175.14
1452.07
1939.32
1725.15
815.68
1606.39
1506.11
2061.96
1634.38
1646.64
1742.8
1420.74
1521.34
1637.16
1809.39
1099.83
1557.82
791.72
1735.83
1813.78
487.16
1608.35
1877.27
1825.51
1356.15
1180.66
763.0
1222.25
1802.1
1190.4
1721.63
1212.11
715.08
1301.36
1614.17
1385.3
1750.73
1193.09
509.96
823.0
1739.97
2108.77
1748.57
1623.76
1967.22
1329.93
1539.59
1731.02
1613.17
1360.2
1509.99
1446.89
1647.38
1171.59
1569.51
1629.59
1139.55
952.23
665.06
1800.58
1283.57
1462.47
947.06
1121.26
1469.94
1628.39
1177.1
1359.54
1770.18
779.88
1884.33
1019.56
777.11
1685.23
1078.13
1670.18
1912.09
1052.72
1807.56
1864.59
1918.25
754.89
447.46
938.48
1568.68
1738.25
601.73
1833.47
1847.88
1274.14
1614.32
993.48
686.9
1704.04
891.02
165.94
1311.86
1807.64
1719.17
1609.85
1945.23
1706.49
2047.08
1665.26
1432.91
1239.02
1698.46
925.57
1489.13
1509.61
1807.77
1208.71
1647.2
1167.82
1628.23
1563.47
1480.66
1423.58
1184.02
1844.63
1030.28
1739.95
2134.64
786.14
1857.72
174.17
1955.18
1311.72
1700.74
1715.99
1107.48
1759.43
1961.95
1630.13
1600.24
639.63
1526.48
1688.21
1587.38
1351.65
1793.28
1148.54
1861.04
1687.2
1171.47
218.64
1873.57
441.65
365.05
1235.65
912.55
1819.42
1789.82
1470.59
1831.07
1583.17
1502.69
1564.4
1134.56
793.83
1657.97
1206.29
1714.27
1457.63
1534.0
1708.41
1651.37
1514.7
653.34
566.11
1514.88
1791.63
1040.19
618.37
1198.14
1179.08
1320.55
1020.28
1641.2
1526.45
1876.89
786.64
1817.22
837.33
1935.56
1891.34
1454.52
1252.46
1526.94
781.64
1893.31
1307.94
914.27
1615.95
1018.94
906.86
579.49
1014.72
537.47
1881.27
1845.62
1716.87
1294.42
1171.46
587.86
1524.95
1694.51
1132.54
494.65
1629.68
1633.08
575.27
1401.01
826.5
861.1
1215.01
2045.75
897.35
419.05
1235.96
1929.76
1509.48
1867.68
1898.92
1248.73
1654.15
1901.95
1270.54
911.98
1110.41
1712.83
1329.94
1609.4
951.11
1542.77
2149.66
1649.32
1126.66
1879.79
1952.05
ERROR
1710.2
1482.54
907.37
1897.32
1334.61
1207.38
1527.69
1763.76
1490.6
539.06
1543.1
787.35
1053.35
207.77
1677.0
1823.54
1691.67
1178.2
1417.29
1720.03
1898.08
1602.91
1232.72
1491.09
647.63
1758.6
1919.13
1049.77
1771.57
1282.78
1717.3
1859.78
1636.78
635.81
979.88
1532.89
1838.97
1575.55
1172.58
646.06
1387.17
1125.93
1823.97
1615.98
1847.06
1627.23
1074.54
1810.29
1479.98
1657.27
949.19
1556.16
1121.63
917.86
1467.04
1621.51
1542.61
1570.39
1868.12
1158.56
734.65
976.43
1768.05
1640.83
1672.09
1376.12
1242.73
1271.85
ERROR
2023.95
1157.2
ERROR
993.62
1640.6
643.69
1439.1
1282.28
1056.57
411.3
1705.26
1704.48
707.13
1156.14
2098.86
1840.24
1231.63
1870.87
1570.45
1585.1
1599.42
1496.83
2147.59
982.46
725.75
1923.12
1644.89
1614.02
1883.65
2186.2
1525.08
1685.22
1606.2
1424.31
1194.08
1230.03
1301.31
1651.17
1482.5
1995.21
1562.42
1600.53
1638.73
1670.08
1267.51
1818.53
1071.93
1424.54
1448.23
1654.69
1943.66
598.27
970.74
1377.46
1979.62
1769.71
1130.59
1890.1
1649.17
1633.05
1781.87
932.58
885.5
1792.5
345.04
1863.0
1955.47
1928.02
1731.67
1463.43
ERROR
1501.1
1815.67
433.04
1616.89
1170.86
1198.05
1900.88
1312.95
1298.49
1464.61
1645.58
1653.63
1509.22
1620.82
1459.17
1793.53
777.65
1351.16
1175.93
1155.68
725.86
656.79
1142.95
1679.13
557.72
1576.81
836.03
1522.83
1896.6
1918.4
1567.48
1927.24
1502.92
1377.24
1646.33
1854.58
1161.76
525.86
1157.32
1786.02
1614.78
1836.2
1911.69
689.37
538.98
1770.01
1249.63
1723.74
989.56
1840.91
1216.15
1603.92
1179.88
1207.84
1442.18
1460.61
1932.19
1311.04
1975.97
1499.49
1480.27
1695.15
1673.13
1900.9
1718.52
1559.78
1348.06
2115.83
1160.28
791.87
1614.41
1320.12
1610.23
860.6
1299.44
1264.01
1640.94
1647.85
1997.95
1230.82
1442.43
1592.7
575.61
1662.23
1566.04
1860.78
1878.36
626.64
573.92
1642.42
1867.88
1219.28
1872.43
757.72
1167.21
1410.65
745.04
2149.43
1431.93
ERROR
1818.04
1257.79
1475.72
ERROR
691.91
1476.28
1570.82
1827.92
1520.32
1703.44
1629.88
1198.37
1817.04
1623.62
1551.58
1946.2
338.51
1700.59
1344.57
1645.17
601.86
755.29
1886.49
1904.36
1245.0
982.38
1547.6
1882.52
1703.16
1289.44
1675.83
1656.23
1198.75
1754.81
1624.0
1531.23
1168.37
1281.23
771.46
1743.09
2156.79
1572.32
1899.01
2205.43
1831.45
1580.21
1641.29
689.35
972.84
1514.26
773.44
1512.88
1445.69
1869.7
1157.13
1697.18
1668.81
1602.77
1758.16
1512.02
1764.38
441.91
1044.94
665.25
1415.72
757.59
1861.71
929.53
2143.3
1644.67
1329.06
1128.58
521.21
943.11
1686.46
1511.26
1660.84
934.28
931.22
1420.08
1311.81
1632.95
906.93
808.2
1558.11
1513.19
1930.35
885.42
1227.77
504.85
686.61
1632.1
1515.4
1795.79
1490.84
1627.13
1582.73
1776.21
1878.34
1212.56
1918.59
1520.63
1618.91
916.38
1443.95
1705.31
346.12
1862.01
1835.38
1141.82
1503.56
1107.35
1741.45
1168.6
1534.89
1493.54
1519.05
647.07
1699.64
1589.01
1609.92
1140.11
946.65
1896.79
691.96
1742.75
1924.97
870.13
1473.85
1952.82
1521.15
781.61
1745.02
1186.83
1202.53
1037.44
1829.94
935.02
1350.75
1961.67
1606.25
1215.38
1634.66
1593.82
1366.28
1122.85
1519.28
1152.48
751.25
1245.78
1469.51
414.26
1640.9
521.04
1532.34
1218.02
1732.41
1692.79
1888.35
1471.55
1586.57
445.98
941.52
1558.37
1903.76
1178.96
1634.86
1902.06
1609.77
1436.94
1584.99
1163.79
1574.02
519.98
2197.89
1436.12
1009.14
769.99
520.99
1826.33
1421.2
1449.71
1918.45
1809.55
1353.14
1610.39
1570.64
1075.44
1955.62
1653.5
1602.02
1570.25
1520.21
1922.87
1502.57
1738.45
966.62
801.21
1711.81
1742.59
1437.38
948.5
1991.39
1384.41
1556.23
1611.84
1627.57
1486.93
1181.64
1571.47
1326.21
1900.79
1222.55
1704.0
1683.12
1618.93
2144.66
1378.84
1386.25
1605.83
1628.3
1454.72
797.14
1081.05
1657.36
1492.36
1859.06
1623.83
1260.8
963.12
1172.97
1172.99
1885.5
1580.52
1222.31
1843.16
1431.12
1679.4
2061.92
1901.38
1609.38
1640.09
1655.59
1196.48
503.16
1654.43
2076.76
1782.94
1737.97
2196.12
1680.25
1842.73
1258.48
1150.32
1334.46
1742.67
1619.06
1624.23
1170.68
1655.39
1730.69
893.93
1838.49
1452.41
1959.32
2187.39
1264.11
779.7
1561.77
1810.86
1854.21
1663.79
1038.78
ERROR
1800.6
1867.14
1442.49
1631.42
1928.06
463.4
644.58
1431.13
850.08
1405.92
994.5
1795.71
1245.73
1201.79
1008.3
1233.36
1704.3
1649.77
1320.26
1167.13
1739.59
816.65
1509.64
930.58
1951.72
1537.26
1502.7
1326.54
1515.99
1759.25
1367.67
1186.34
484.07
797.76
1600.18
906.24
1471.31
1527.12
1615.5
2142.53
1921.43
1766.3
1641.93
1704.08
1469.67
1920.63
1497.44
1607.86
1860.44
1926.02
1482.04
1738.89
1589.06
1608.8
1731.77
964.2
1320.64
1964.53
2033.38
1490.57
933.49
1652.15
1954.32
1529.51
1635.88
776.13
1952.36
886.44
1720.68
716.71
1237.63
1607.32
704.51
1509.23
1612.91
1880.77
1789.41
1703.68
1189.03
1103.97
1371.47
1917.42
1844.88
1542.32
1731.51
1362.65
948.83
1739.88
1201.11
1599.46
1220.7
1523.79
1858.66
1925.18
1935.23
1506.46
881.25
1855.09
1169.05
1638.11
1422.33
1710.43
1239.68
1026.52
1203.79
1668.7
1434.22
1602.37
1108.32
1680.33
1634.55
1757.95
1957.5
1637.23
426.02
1404.1
1125.65
1409.12
2152.0
812.66
1608.81
1897.56
1159.55
1275.21
1796.84
1778.13
1602.92
1638.72
574.23
807.63
1200.91
1631.64
1601.36
1622.62
1609.85
1645.84
1491.29
1619.73
723.15
1657.92
1773.38
1925.79
1911.13
1835.65
1525.35
899.22
981.07
1682.06
807.16
1497.53
1523.28
1589.67
809.73
1627.45
1891.84
1125.08
1040.61
952.23
941.06
1754.11
1264.94
1802.55
1835.64
1603.83
873.59
1505.37
948.55
1384.49
1603.52
1119.08
1639.2
1532.33
1095.98
893.91
1479.57
1086.28
1807.27
1330.21
1238.57
1724.52
1458.95
806.2
1198.38
1519.98
935.58
617.62
659.3
457.54
1360.42
1764.71
659.29
1609.67
1578.63
1767.3
1526.35
1730.12
1897.25
875.19
1485.02
2150.92
1550.43
1762.07
1328.84
1285.84
1681.11
1375.89
1320.59
1020.09
1606.87
1701.73
1470.19
1171.85
1657.43
766.16
1135.16
951.78
1653.31
1082.83
1399.15
848.29
953.77
1445.77
1047.89
818.84
435.92
1662.32
944.08
828.85
1869.31
746.05
1956.69
1408.66
1602.85
1807.68
1452.26
830.69
1792.37
1787.36
1721.39
657.01
934.2
1017.4
1570.7
572.35
1481.86
1685.29
1477.48
1867.87
1142.35
1096.43
1705.9
1555.79
1931.21
1954.84
1500.33
1675.58
1714.86
702.11
1596.7
977.51
1791.02
1061.48
302.73
937.29
1276.35
1720.76
1835.74
1014.44
1504.93
1317.57
796.48
1417.63
1672.44
1504.49
1617.37
1893.45
731.86
1604.24
820.97
1803.82
1182.38
1200.55
1083.24
1956.3
1371.77
1278.92
1970.03
1632.3
1214.98
1881.25
1588.69
1563.17
1992.14
1712.8
1187.97
1522.79
1396.33
1621.19
1226.85
1782.76
1125.65
1608.0
1625.85
1820.51
1759.8
2176.96
2170.57
677.5
1514.91
1767.71
1560.95
754.67
838.58
1150.37
2081.43
1361.2
1443.58
1787.01
850.64
1613.67
1601.93
1747.98
505.91
1098.74
1733.24
1703.77
988.9
1146.83
1959.33
1765.06
1717.27
1662.83
1447.83
482.61
1916.54
1511.97
1218.88
2165.44
1491.29
1785.82
1286.84
1634.02
1742.41
1934.23
1748.54
902.69
1697.92
1311.73
1571.3
1858.1
1412.42
1730.51
1318.12
1748.33
803.39
929.61
1073.45
1431.12
1799.08
1144.38
1871.78
1265.6
1489.13
1503.61
1467.39
607.12
1176.95
1920.48
1899.87
1287.67
871.19
1117.23
1519.5
2161.12
780.11
1720.27
1430.8
2143.55
1450.85
1925.99
678.62
1605.47
1412.07
1111.61
1504.9
1164.17
1002.02
1584.58
1208.54
1781.44
1579.99
1693.09
1655.74
1472.84
1514.11
1328.67
2184.0
1527.44
1531.83
1139.22
1212.62
1855.75
1605.0
1586.25
794.75
1452.44
1793.05
1654.92
1768.78
1965.63
873.66
1517.97
1752.18
1661.55
925.84
1918.97
659.75
1562.39
1629.91
1534.33
1233.42
754.57
1212.94
1757.33
1055.63
1589.1
677.41
1528.9
1736.07
1324.0
1892.54
1607.23
1635.25
1768.65
416.53
1266.44
1104.28
1735.06
1851.82
523.51
1187.36
1334.92
1726.29
1930.37
1350.74
1870.19
1824.74
1065.45
1626.1
1890.5
1627.59
1637.92
1523.36
1018.74
1935.07
1447.68
1262.72
1497.76
1764.93
1453.56
559.51
1475.5
1864.92
829.63
1527.33
1590.58
1330.24
1466.61
919.76
764.42
1720.71
1639.37
1057.77
1160.48
1875.23
651.62
1852.74
643.89
1519.49
751.18
1246.28
1492.62
849.93
904.06
1534.0
769.29
1811.97
1366.74
1258.09
1938.79
1329.61
1500.0
1527.55
1345.64
1321.85
1296.35
1443.8
1629.0
896.81
685.59
935.93
540.27
2090.38
1730.39
1336.29
1035.77
506.48
1206.37
1436.49
1469.54
1309.19
2214.84
1300.78
1383.29
1527.64
1796.49
1723.21
1688.91
1637.8
1364.69
1729.09
1872.42
1489.43
1624.12
1609.65
863.29
1682.32
1264.35
1117.75
1854.05
1927.77
1935.97
1017.26
1649.35
866.43
897.04
1829.08
1061.11
1630.18
501.81
1402.95
1811.91
912.71
1609.06
1771.94
1899.11
226.91
1318.78
2075.13
1926.85
729.99
1342.48
1623.29
1832.35
ERROR
1941.47
1385.32
1552.38
777.45
1559.97
1129.76
743.81
1436.94
202.7
1830.92
681.42
886.63
1606.84
1308.26
2118.72
1222.43
1921.82
1936.51
908.85
1881.41
1643.71
2145.34
840.43
609.95
1634.91
1655.34
1620.97
590.94
1677.69
2191.61
1166.89
1142.07
741.51
1726.36
1815.18
1633.29
2104.84
1620.72
1538.87
579.07
1148.66
1742.07
2000.87
1848.19
1789.57
714.57
1633.45
1408.85
1970.02
1318.43
1372.99
1620.55
1575.78
825.36
1894.63
1345.86
1540.06
1803.28
1382.73
1273.51
1498.92
1952.33
750.45
902.98
1962.85
1721.79
588.02
1569.92
1551.95
1523.37
1850.02
1796.46
1415.62
875.19
1761.45
1496.08
1609.62
759.52
1478.52
910.79
1501.97
1350.36
1550.54
1855.6
ERROR
980.89
1667.16
1635.16
1217.3
1387.49
1800.69
1762.87
1650.89
1728.43
1604.88
1920.64
1641.28
1868.89
1829.99
1246.31
1348.9
1628.31
1235.84
1749.53
1723.09
1839.0
1523.58
1709.97
1962.15
579.83
ERROR
657.43
1724.17
1562.27
1662.71
1403.46
692.8
1372.16
1357.49
1452.74
1260.28
1811.76
1894.47
1283.17
1958.32
915.7
1586.6
896.04
1568.12
1175.39
1165.09
1633.5
1636.9
1023.2
605.03
1472.55
1446.89
ERROR
1800.34
1687.7
1494.51
1740.24
1767.79
1538.59
1538.54
1358.36
1251.15
1533.62
1944.88
1141.28
1006.83
1919.44
750.84
1754.62
1599.35
1483.14
1417.91
1792.35
1442.83
1861.39
1805.12
1007.61
1743.35
1121.64
715.67
1370.42
905.62
1738.67
1876.42
1531.05
1481.93
1686.38
333.24
1617.48
1178.15
1013.25
1720.98
1030.52
773.93
1739.11
1003.48
1351.94
1757.43
673.18
1530.02
634.8
813.46
1470.2
1603.68
1163.65
1615.36
1604.87
1003.54
1890.83
1669.39
1629.15
1622.42
1467.06
1458.7
694.03
1697.62
1864.0
754.32
756.81
974.84
1683.56
1824.07
1143.44
1939.82
1260.58
1179.29
1911.73
1359.54
1941.85
790.2
1445.33
1547.24
ERROR
1842.82
1283.38
1166.59
1785.27
1307.28
948.57
1790.2
1949.94
1628.04
1515.6
1313.54
1204.77
1325.48
1631.75
1286.39
1929.61
1639.11
1417.1
1215.19
823.22
1743.84
1600.85
1350.55
1471.02
1893.32
2192.18
754.97
1756.62
1741.29
749.9
329.71
1564.88
1438.65
1353.76
1095.92
831.82
1627.96
1727.92
1491.65
1715.23
1737.25
1454.37
969.41
1637.53
993.01
1134.4
1657.49
1171.16
1091.66
766.13
936.27
1824.48
2101.89
1756.8
1889.54
1169.09
1642.49
1677.34
1313.65
1329.17
1954.71
1242.26
1697.29
1634.22
1982.2
1577.81
1390.83
1499.5
1923.01
1030.94
920.62
1447.12
1590.84
950.02
1048.18
1209.27
1226.15
1820.26
1461.58
1358.8
1824.14
1555.31
1612.63
356.14
353.09
1986.22
1717.52
1054.86
1853.28
740.87
971.96
743.13
1618.8
1132.82
2056.61
829.7
1492.45
1449.72
713.12
1837.77
1107.03
648.69
1390.96
1730.0
1666.97
1277.55
1923.11
1507.02
662.08
1830.19
2115.29
1430.79
2068.14
1221.92
2184.41
1261.37
1815.75
930.04
1462.06
832.6
1168.54
1641.64
1503.6
1372.7
1579.34
711.32
703.84
1523.87
1279.26
1949.43
1898.66
1620.25
745.24
1421.52
1150.38
916.13
1655.35
875.96
1492.32
1360.85
1446.19
1473.0
1713.52
950.35
1088.65
1837.46
1369.76
1932.51
1110.08
776.58
1846.1
937.74
1326.73
1708.87
1530.71
1366.52
206.94
1807.11
1333.85
1970.36
1452.69
1534.9
1253.55
1949.96
ERROR
1689.96
1617.21
1785.47
781.58
1894.29
1502.01
1524.65
1811.19
1795.53
1449.23
1348.72
1829.03
1765.78
1199.7
1743.23
1389.77
911.36
748.27
1499.37
ERROR
1177.01
1095.42
1649.29
825.25
1607.23
1324.19
1170.71
1553.39
1543.9
1584.62
1006.31
1726.71
1005.79
1126.8
1053.52
1508.85
ERROR
1590.14
567.36
1371.86
860.82
1789.07
1307.81
1664.87
1148.2
2174.0
ERROR
1240.1
1844.95
1219.88
1769.94
1583.2
1208.13
1514.93
1581.96
1333.35
646.76
1626.12
1407.68
900.27
2082.4
1310.29
1767.87
1118.78
1487.42
1196.78
1902.32
1538.86
1908.23
1602.49
1631.9
1239.4
1082.75
1641.19
819.32
1421.66
1095.84
1217.99
1179.68
1953.96
1803.66
1538.63
1160.28
973.93
1627.79
2191.56
1722.69
662.36
1258.34
1137.07
1556.84
1490.28
1640.05
1698.01
1495.39
214.55
1515.05
1739.38
1491.14
1628.82
1059.99
1923.62
1807.58
966.26
542.2
2194.48
1175.84
1728.59
1712.15
1431.33
1926.61
1271.05
1725.03
1787.64
549.24
1304.71
218.26
1757.58
937.29
999.51
1813.79
1845.15
826.25
1418.21
1563.11
1927.88
1831.68
448.87
1608.71
1124.72
1878.3
1308.14
1930.01
1952.1
1981.79
1476.34
1733.76
1209.94
1472.06
708.27
1679.32
1496.35
979.3
1159.79
1680.63
1428.92
1747.3
348.73
1724.71
1703.76
959.67
1092.06
750.94
1535.55
1127.66
1162.19
1230.85
1112.15
1568.79
1500.22
1125.28
1323.16
1603.13
1437.56
1540.55
1433.49
1725.59
1836.86
1152.48
1213.8
1051.73
1604.11
823.17
690.16
1316.33
911.56
1879.78
1413.98
1090.63
1823.18
1156.78
1924.35
1344.84
1204.49
1397.56
758.48
1341.38
1335.05
1379.95
1844.49
871.3
1332.04
1462.97
1708.98
564.55
1471.18
1418.3
921.46
1924.15
1830.33
1242.25
1380.63
602.09
1656.36
1648.72
1376.64
1169.85
759.49
1971.73
1175.59
ERROR
1183.03
814.49
1949.33
1466.38
1532.19
ERROR
1635.39
1529.94
1298.07
1267.85
868.22
1354.29
1345.39
1306.32
1477.03
719.1
1422.61
1126.18
1293.64
1484.84
1670.69
1974.37
1614.18
1282.79
1914.2
1079.25
1629.59
1107.36
1728.97
1272.76
1212.62
1570.82
1610.57
1763.02
799.2
1223.65
ERROR
1782.47
1851.32
1331.77
ERROR
1769.69
2116.81
ERROR
ERROR
1589.11
1891.85
1454.96
1188.56
1456.14
1498.72
1153.53
712.99
1188.31
1809.87
1365.07
1556.88
1917.93
1838.6
1559.21
898.26
1582.74
1857.66
393.79
1469.36
1429.0
1601.01
1616.01
1143.3
1375.75
719.64
556.86
1345.67
1765.82
1973.92
1887.37
1794.06
1485.05
1764.64
1716.71
1907.8
891.76
1736.13
539.47
921.92
1111.21
1458.78
988.45
1606.52
ERROR
1607.75
1630.74
1734.03
1408.9
1461.4
1674.52
1336.9
1604.71
1907.0
1696.82
1135.63
1288.86
1743.41
1268.87
1386.12
889.97
902.41
1535.9
1740.64
952.64
782.32
1156.27
1744.09
1431.18
1372.39
942.06
1840.91
1570.96
1603.62
1635.84
1436.95
1388.91
752.4
1425.86
900.21
790.99
1755.74
1294.63
1254.27
1958.35
925.46
1317.22
1067.6
888.53
1057.17
1300.49
1549.29
1489.13
967.29
1517.84
1803.49
1483.76
1400.01
1687.28
1609.35
1969.14
1231.93
1023.12
1439.13
1752.21
ERROR
1237.8
1631.88
1172.02
502.86
1657.64
1639.57
802.18
1216.68
1191.35
857.35
1610.37
649.26
1339.22
1159.77
1647.01
1652.11
1703.35
1811.99
1457.66
1471.92
1718.28
1800.25
1697.57
1968.29
1847.73
1629.65
1714.49
1212.06
1498.07
1251.7
1234.17
1726.46
1349.83
1196.43
1742.97
711.83
1799.39
1313.54
995.94
1026.97
1933.91
1569.13
1506.3
1635.0
1439.25
1578.48
878.82
1334.62
944.63
1494.14
1705.3
1060.02
1440.83
1508.23
1012.45
1225.58
850.82
1543.08
1767.01
908.78
1258.03
752.79
1554.02
504.67
1164.73
786.23
1444.52
1611.15
1968.57
2129.84
1365.5
1216.43
778.29
930.81
1902.94
1699.45
1365.35
1416.98
1528.16
1275.99
1930.46
1629.71
1099.87
2141.53
2122.05
2000.39
1653.66
1570.96
727.14
1583.1
1218.21
1523.95
1499.43
971.92
509.76
1920.58
1432.05
789.58
1493.25
1635.42
1266.58
1617.56
1910.58
989.53
785.58
1362.69
1708.86
730.92
737.14
590.01
1842.68
1664.9
1413.68
1862.01
1331.16
1936.5
1614.54
1406.94
1725.03
1952.49
1609.1
1251.33
1579.56
819.27
695.11
1534.91
1589.29
1596.52
1588.68
991.9
1776.61
1805.3
1844.9
1957.5
1586.06
1740.02
1456.23
2176.96
1787.19
1211.06
818.4
726.38
1766.19
1160.92
1633.33
1716.14
1530.4
1220.45
1433.35
1357.93
1500.46
814.37
1292.05
1790.29
789.64
1702.41
1063.24
1652.57
1493.05
1282.21
763.31
1591.06
1525.2
1532.08
1534.89
1239.43
1693.49
1279.55
1520.07
1421.9
1827.76
917.96
1817.68
1864.65
1577.52
583.17
590.66
1799.6
1140.39
825.5
1600.14
847.47
1636.34
897.25
1470.4
1786.36
1843.4
1561.38
1853.94
1844.77
1283.85
1484.3
1498.6
1554.85
1207.76
1128.07
1528.35
1330.36
1241.19
1595.89
1647.19
1384.32
1510.36
1779.83
878.69
721.41
1734.96
1491.98
1403.42
1760.97
1625.02
1223.4
1080.94
1654.88
1383.87
1065.9
1894.99
1477.28
1841.3
1536.5
1780.39
1196.96
1459.1
1670.21
1783.65
2146.11
1010.07
617.61
1319.36
1411.39
900.34
750.34
1823.82
1186.66
1848.69
1322.16
1753.16
1857.49
1777.62
938.13
1498.4
1710.55
1151.08
693.64
605.4
ERROR
1824.41
1629.0
764.68
1307.36
1505.65
1667.58
1551.6
1942.64
2011.17
1849.02
1478.1
1959.65
939.9
1189.64
531.01
1710.46
1503.06
1357.94
1534.17
1609.48
2140.81
1825.11
1768.1
1528.66
1437.98
1508.6
1602.02
2032.82
1940.56
1382.88
855.02
1716.91
1529.75
1235.66
1408.17
1438.9
1860.84
1174.27
1128.6
1304.61
494.2
1544.31
1570.21
1632.03
1473.28
1240.07
1179.77
1330.78
1125.11
531.2
1552.95
891.38
1611.65
1079.03
1942.39
741.16
1957.14
1840.1
1660.03
1611.96
ERROR
1295.36
1784.37
494.92
1283.93
2182.48
1051.03
1301.95
1385.9
1616.97
445.58
1478.88
1481.45
1335.09
1882.24
1884.9
341.91
1540.01
515.71
1597.26
1409.56
1626.44
1456.23
1782.24
1948.98
551.43
414.03
1390.03
1127.68
1173.01
1347.35
848.24
1739.66
856.96
1787.49
1536.98
800.27
819.49
1224.75
1689.29
1751.12
709.97
1637.89
1613.65
988.99
594.84
786.69
1513.85
1237.77
1049.12
1477.71
905.83
1648.78
654.94
1247.9
1714.71
1609.3
1959.74
1713.57
1501.55
871.89
1744.22
782.09
1560.17
1191.61
1618.78
1301.68
1302.06
1467.63
1534.7
1524.02
1558.43
1899.17
1782.55
1895.31
784.23
1820.36
1343.8
1519.87
1935.64
1654.6
1701.63
676.43
1281.28
1305.51
1956.44
1482.7
1896.06
1754.77
769.25
1582.68
1672.1
1803.02
1084.69
1065.25
857.27
1499.61
2170.94
1097.38
1750.37
1561.59
1276.72
642.81
1694.34
828.88
1501.62
557.55
1134.64
1135.2
1295.66
1885.71
1995.01
825.82
1662.89
836.3
656.9
1333.05
1192.19
692.12
1546.43
1758.25
1173.89
1531.46
1155.44
1362.53
1552.5
1506.23
930.42
1275.46
1336.66
504.48
588.23
1603.27
1132.86
1163.22
1124.22
1369.34
1284.59
845.18
1742.02
774.52
902.27
1469.6
1599.21
1605.11
1183.27
1564.31
1668.2
1698.45
1442.32
1886.53
1404.86
1634.06
1786.57
1072.52
1727.37
1486.69
1884.66
1419.95
1319.55
1725.37
1397.36
1850.02
1899.74
1858.19
1844.11
1660.53
1270.38
1589.76
1696.99
1352.25
1415.36
1155.73
1645.56
1989.83
1844.1
1937.12
1388.46
1114.91
1424.13
1662.13
1563.59
1741.35
604.0
1452.76
566.41
1389.53
2060.99
1528.39
1589.11
971.18
947.45
1660.22
1351.72
1313.49
1492.96
1358.24
1904.52
1645.62
701.29
1213.81
1730.38
1317.23
1350.51
1517.46
1627.28
1191.07
758.84
369.26
1804.3
925.89
1718.25
1872.68
1589.58
1531.23
1932.74
833.83
1350.96
1464.51
1302.58
1293.37
677.17
1832.54
1617.72
1456.36
480.42
1142.56
1550.11
1545.54
959.06
1958.4
881.76
760.78
1399.84
1259.36
1815.38
1431.64
1151.6
1874.59
2050.08
1897.8
1387.73
1166.98
672.18
1653.54
1479.33
1698.27
426.44
1758.4
1824.67
1710.93
1535.31
1727.73
935.63
732.29
1749.67
1679.54
1645.16
1439.06
1199.09
1453.32
1067.16
1181.77
1931.62
1041.59
1372.31
1431.87
1146.64
1147.01
1605.56
1912.78
1332.07
609.99
1440.57
1123.34
1632.73
1527.96
1278.26
1744.85
1501.1
1619.19
1891.38
1653.7
1014.84
1510.59
2166.5
1178.82
1569.34
1576.06
1082.63
594.3
1516.95
1213.91
1613.62
771.54
1476.78
1022.78
1304.86
1554.91
692.7
1443.81
1953.78
775.8
2188.08
ERROR
1177.3
921.12
1657.76
1841.69
1415.81
1495.56
1309.78
938.74
792.27
1880.77
1200.63
1845.78
1670.47
1665.88
1145.49
1513.19
1464.92
1822.68
1208.92
1343.97
1680.6
751.82
1892.76
1836.36
1901.64
1789.84
1777.96
1141.86
1713.66
335.17
1381.51
1153.29
1375.87
839.07
2136.17
1414.59
1431.09
904.27
1978.23
929.78
161.93
922.58
962.41
1918.55
1962.37
1786.35
1658.58
1951.38
1198.67
1713.01
962.63
1186.73
1500.41
987.65
818.36
1695.88
1233.86
745.02
1438.15
1676.15
1419.62
1659.0
1949.98
1032.67
1944.72
1627.34
1505.0
1703.94
1433.86
1192.93
815.06
1124.61
576.91
1600.89
1628.89
1790.17
1504.01
1224.61
1347.45
1279.16
596.89
1863.82
1698.34
1520.8
1806.8
1590.22
1416.42
2031.92
852.25
1250.93
854.05
1802.61
1434.98
972.3
1213.2
1781.1
1853.98
1603.99
1395.07
812.52
2080.4
926.94
1405.22
1698.73
1290.03
1521.31
1326.65
1416.41
1201.49
1054.16
1954.14
1584.24
834.17
1830.63
1360.42
1867.8
599.71
1826.0
1471.47
531.42
1162.77
1471.36
356.74
1436.1
1270.6
1344.02
1652.0
1434.88
1371.03
1728.15
2170.19
617.3
1580.85
762.65
1619.21
1452.23
1202.84
1282.97
1610.96
1767.53
1484.19
1425.82
1260.85
1137.41
1739.78
1416.98
1397.19
1216.77
1776.37
522.52
1074.36
948.51
978.52
1767.98
773.31
1020.53
1870.23
1522.86
1216.17
419.45
1275.26
1204.74
749.09
1270.59
787.09
1624.39
1657.4
1920.82
1459.42
1718.56
884.91
1702.15
1840.39
1611.62
1636.7
2123.51
1239.22
588.68
1434.71
1321.62
2047.97
1780.82
1529.5
848.16
1725.01
871.28
1440.16
783.14
1899.83
1458.94
1301.55
1565.19
1565.65
2125.37
1636.03
171.81
1589.07
1682.18
1279.75
1066.99
1438.19
1536.37
1435.79
976.79
1932.01
1649.45
1602.94
2066.26
1929.97
1738.67
1317.24
1629.34
1634.97
1395.43
391.29
1639.95
1792.26
1486.35
1197.69
1788.46
659.67
532.3
601.14
1861.75
1366.14
